12.30005
6.274427
0.5613689
0.133765
0.05121447
0.04931488
0.05606309
0.06721263
0.08334736
0.09442519
0.1001642
0.105711
0.06399985
0.1183299
0.2055345
1.090572
3.417912
6.236016
4.579497
2.904926
1.638189
0.7291235
1.445561
0.8857233
0.6593133
0.5812104
0.5546669
0.5093553
0.4308836
0.3793535
0.3880111
0.8180937
0.7567828
0.7399079
0.8383366
0.8006232
0.5407993
0.3147805
0.1721027
0.09099157
0.131754
0.2690729
0.3577366
0.5201414
0.7134567
0.702454
0.6400157
0.4987932
0.3332306
0.2254128
0.2282584
0.2286564
0.1994642
0.1895071
0.1485817
0.1135538
0.05348584
0.04424663
0.03483385
0.09096359
0.1305737
0.1247747
0.1102956
0.07689741
0.07180699
0.1120714
0.1253448
0.14887
0.180234
0.2602649
0.3182339
0.5066503
0.508493
0.2403999
0.1541607
0.193432
0.2002353
0.1384614
0.1561434
0.4180128
0.5696058
0.3962634
0.1764156
0.08787381
0.1226859
0.1833936
0.2394706
0.1919368
0.09289221
0.04909439
0.05313405
0.04421873
0.03478211
0.03869478
0.03887676
0.04757424
0.0966723
0.2830262
0.697291
1.261788
2.260892
2.376221
2.082504
1.355195
1.232194
1.053751
0.6537383
0.8988968
0.8553342
1.262506
1.110693
0.966425
1.153439
1.063687
0.7545986
0.4854567
0.520089
0.6576904
0.6462348
0.479817
0.5154092
2.235251
3.302837
3.114921
8.799943
1.551466
13.05867
2.071828
4.664385
1.307603
2.734642
3.13952
0.8900508
1.1696
2.000314
0.3934067
1.204974
1.409333
1.71421
3.507343
6.028661
5.630247
2.344359
6.572403
1.984241
1.70156
1.917331
4.531736
4.759334
0.9839461
9.630217
6.988529
1.852969
6.18481
1.603594
6.933199
3.018521
9.142903
2.687206
3.282577
14.58747
7.12401
9.409093
1.089565
2.672385
7.71725
5.756874
2.325421
3.654361
4.732316
4.358777
2.582406
8.509645
1.355259
5.22482
8.690511
10.99213
7.166426
5.228389
2.958801
10.18674
13.48291
4.148595
1.887031
3.801285
0.688767
5.540104
1.299756
5.782535
2.719021
11.15373
10.34487
9.2339
1.217691
16.4776
6.343479
8.02433
2.253893
10.33858
4.420695
3.599437
8.701424
1.816439
10.0804
10.62929
0.8166891
7.55355
4.404262
3.086802
4.092817
4.017329
0.3685832
1.761466
0.1525358
1.962425
0.8825322
0.5231295
3.215447
1.854067
11.28985
3.059694
9.707809
2.353332
1.474098
0.8724698
0.6798424
1.119206
1.000842
0.5167561
0.3544474
0.6253544
1.35452
2.044434
2.388029
6.384164
2.852694
5.323479
12.44417
4.008263
7.449592
5.189901
9.492729
3.028065
9.652208
5.793662
6.459554
5.873051
7.185811
1.483455
2.29323
0.8691073
0.4255136
0.4349366
0.3058919
0.1633541
0.06242676
0.1377939
0.2830733
0.3741254
1.681877
1.452809
1.28521
0.7045397
0.2505957
0.502623
1.189855
1.056972
0.6136618
0.2356396
0.1092742
0.106413
0.2264709
0.2220481
0.2259339
0.199317
0.1454546
0.1120792
0.1049008
0.1188583
0.2026821
0.2727404
0.1624041
0.08059747
0.4088323
0.7465497
1.111608
3.273352
8.040112
1.130646
7.905188
6.452765
3.489424
5.217915
1.730598
1.144408
1.068678
2.592393
5.070062
2.988872
5.434619
2.708846
6.377066
3.458686
8.986107
9.866882
3.722845
6.39776
6.97712
0.4484499
5.241731
8.285883
6.20674
3.924988
10.47259
8.630926
4.309454
7.18949
4.396187
3.740879
4.492862
0.6226955
1.14428
1.528619
1.83353
0.8793013
2.243958
2.327908
1.684804
1.567885
1.010506
0.5491205
0.4624848
0.5112566
0.6026483
0.8433831
1.048534
0.5854169
0.2950231
0.3445908
0.2751383
0.1320642
0.04141911
0.08768911
0.1088025
0.06752401
0.0603086
0.068447
0.08649375
0.1063994
0.0770607
0.04218233
0.0451187
0.07131074
0.06421481
0.02738813
0.02223841
0.01779788
0.01315465
0.02501694
0.04932924
0.05672717
0.03776732
0.01613243
0.01050781
0.03554889
0.05974632
0.07383031
0.07081435
0.04805913
0.02218035
0.01430205
0.0211568
0.03667561
0.02677643
0.01707488
0.01170482
0.01568996
0.02341171
0.03779977
0.05198114
0.05003104
0.08230964
0.06105363
0.03216985
0.04780463
0.04328636
0.02461486
0.01163743
0.01137587
0.0519737
0.06257115
0.05083574
0.5484567
2.561279
5.612134
3.869744
2.397497
1.790387
1.525532
1.056095
0.7865825
0.7500664
0.5820624
0.436955
0.5043048
2.813786
6.308878
2.91129
11.03268
7.099304
14.28891
0.7241365
7.657618
4.67447
6.309782
6.770641
2.067814
2.144555
2.135139
3.670464
2.180313
4.183266
5.354068
3.162466
4.036542
7.02959
3.728136
6.439813
6.787446
8.118531
2.677446
3.367406
8.521885
2.223099
2.946427
5.679418
2.436549
1.123535
2.014389
0.5812172
1.645747
1.316757
1.147857
2.45276
2.755275
2.818936
3.094263
2.82973
1.910239
1.675535
2.260278
2.868788
4.227839
3.013138
4.89413
4.225907
2.771683
1.432957
0.2610061
0.05674095
0.01615822
0.005926271
0.002038941
0.0008351458
0.0003642077
0.0001607072
7.516321E-05
3.773329E-05
1.655046E-05
1.265756E-05
2.596654E-06
1.0969E-06
2.460578E-07
0
0
0
0
0
0
0
0
0
0
0
0
0
0
0
0
0
0
0
0
0
0
0
0
0
0
0
0
0
0
0
0
0
0
0
0
0
0
0
0
0
0
0
0
0
0
0
0
0
0
0
0
0
0
0
0
0
0
0
0
0
0
0
0
0
0
0
0
0
0
0
0
0
0
0
0
0
0
0
0
0
0
0
0
0
0
0
0
0
0
0
0
0
0
0
0
7.376075E-07
